"fault_2800_correct"	1685	2800	1180.86755276	0	0
"fault_2800_correct"	1683	2800	1271.19827271	1	0
"fault_2800_correct"	1761	2800	1130.62429428	2	0
"fault_2800_correct"	1769	2800	1191.82479382	3	0
"fault_2800_correct"	1769	2800	1191.82479382	3	0
"fault_2800_correct"	1775	2800	1269.06037331	4	0
"fault_2800_correct"	1833	2800	1030.13801575	5	0
"fault_2800_correct"	1851	2800	1269.86205578	6	0
"fault_2800_correct"	1855	2800	1236.45567894	7	0
"fault_2800_correct"	1857	2800	1270.12932301	8	0
"fault_2800_correct"	1895	2800	1029.06894684	9	0
"fault_2800_correct"	1883	2800	1269.06037331	10	0
"fault_2800_correct"	1949	2800	1162.69445419	11	0
"fault_2800_correct"	1947	2800	1270.12932301	12	0
"fault_2800_correct"	2037	2800	1172.58274555	13	0
"fault_2800_correct"	2037	2800	1241.53351784	14	0
"fault_2800_correct"	2159	2800	1068.62211227	15	0
"fault_2800_correct"	2151	2800	1270.12932301	16	0
"fault_2800_correct"	2267	2800	1057.93213844	17	0
"fault_2800_correct"	2273	2800	1270.93112469	18	0
"fault_2800_correct"	2345	2800	1029.33621407	19	0
"fault_2800_correct"	2353	2800	1214.00666237	20	0
"fault_2800_correct"	2379	2800	1028.80179882	21	0
"fault_2800_correct"	2391	2800	1226.56738758	22	0
"fault_2800_correct"	2433	2800	1029.06894684	23	0
"fault_2800_correct"	2425	2800	1220.95513344	24	0
"fault_2800_correct"	2421	2800	1225.76570511	25	0
"fault_2800_correct"	2421	2800	1268.25857162	26	0
"fault_2800_correct"	2445	2800	1186.4798069	27	0
"fault_2800_correct"	2443	2800	1215.3428793	28	0
"fault_2800_correct"	2457	2800	1161.89265251	29	0
"fault_2800_correct"	2457	2800	1182.73830414	30	0
"fault_2800_correct"	2473	2800	1269.59478855	31	0
"fault_2800_correct"	2485	2800	1135.70213318	32	0
"fault_2800_correct"	2477	2800	1141.31438732	33	0
"fault_2800_correct"	2471	2800	1215.87741375	34	0
"fault_2800_correct"	2465	2800	1188.61782551	35	0
"fault_2800_correct"	2465	2800	1215.3428793	36	0
"fault_2800_correct"	2501	2800	1067.55316257	37	0
"fault_2800_correct"	2497	2800	1127.6845932	38	0
"fault_2800_correct"	2509	2800	1127.6845932	39	0
"fault_2800_correct"	2507	2800	1073.16541672	40	0
