1e30	1e30	1268.6865	2011	2764
1e30	1e30	1105.71854	2011	2770
1e30	1e30	1270.1927	2011	2794
1e30	1e30	1118.06919	2011	2782
1e30	1e30	1269.89146	2011	2692
1e30	1e30	1118.37042	2011	2702
1e30	1e30	1106.62226	2011	2662
1e30	1e30	1267.48156	2011	2654
1e30	1e30	1267.78279	2011	2646
1e30	1e30	1148.19262	2011	2642
1e30	1e30	1268.38526	2011	2592
1e30	1e30	1141.86671	2011	2598
1e30	1e30	1268.6865	2011	2986
1e30	1e30	1031.916	2011	2980
1e30	1e30	1030.40984	2011	3020
1e30	1e30	1260.55315	2011	3006
1e30	1e30	1030.40984	2011	3086
1e30	1e30	1270.79518	2011	3076
1e30	1e30	1090.3556	2011	3146
1e30	1e30	1271.09642	2011	3142
1e30	1e30	1030.40984	2011	3180
1e30	1e30	1205.72842	2011	3186
1e30	1e30	1029.50615	2011	3198
1e30	1e30	1209.64447	2011	3192
1e30	1e30	1091.56052	2011	3270
1e30	1e30	1249.40747	2011	3274
1e30	1e30	1055.41235	2011	3286
1e30	1e30	1249.70871	2011	3286
1e30	1e30	1232.23709	2011	3458
1e30	1e30	1159.03705	2011	3460
1e30	1e30	1232.23709	2011	3474
1e30	1e30	1160.54322	2011	3472
1e30	1e30	1028.90369	2011	3508
1e30	1e30	1146.38524	2011	3516

