1e30	1e30	1188.46307	1791	3516
1e30	1e30	1239.24638	1791	3518
1e30	1e30	1029.80293	1791	3452
1e30	1e30	1270.19715	1791	3460
1e30	1e30	1119.65028	1791	3258
1e30	1e30	1259.07888	1791	3256
1e30	1e30	1030.10342	1791	3182
1e30	1e30	1211.00004	1791	3186
1e30	1e30	1160.21675	1791	3120
1e30	1e30	1272.00007	1791	3122
1e30	1e30	1162.92123	1791	3016
1e30	1e30	1270.49765	1791	3026
1e30	1e30	1030.7044	1791	2962
1e30	1e30	1270.79518	1791	2954
1e30	1e30	1150	1791	2810
1e30	1e30	1253.62475	1791	2814
1e30	1e30	1042.15803	1791	2778
1e30	1e30	1271.09642	1791	2786
1e30	1e30	1206.33088	1791	2634
1e30	1e30	1270.79518	1791	2636
1e30	1e30	1031.31354	1791	2616
1e30	1e30	1254.82971	1791	2608

